"run","noSold","noArrested","noBought","tick"
1,2.0,0.0,2.0,1.0
1,2.0,0.0,2.0,2.0
1,3.0,0.0,4.0,3.0
1,3.0,0.0,3.0,4.0
1,2.0,0.0,2.0,5.0
1,6.0,0.0,7.0,6.0
1,2.0,0.0,2.0,7.0
1,2.0,0.0,2.0,8.0
1,3.0,0.0,3.0,9.0
1,2.0,0.0,2.0,10.0
1,1.0,0.0,1.0,11.0
1,3.0,0.0,4.0,12.0
1,1.0,0.0,1.0,13.0
1,4.0,0.0,5.0,14.0
1,3.0,0.0,3.0,15.0
1,4.0,0.0,4.0,16.0
1,1.0,1.0,1.0,17.0
1,3.0,1.0,2.0,18.0
1,3.0,1.0,2.0,19.0
1,2.0,1.0,1.0,20.0
3,2.0,1.0,2.0,1.0
3,1.0,1.0,0.0,2.0
3,2.0,1.0,3.0,3.0
3,3.0,1.0,2.0,4.0
3,6.0,1.0,6.0,5.0
3,6.0,1.0,5.0,6.0
3,2.0,1.0,1.0,7.0
3,1.0,1.0,0.0,8.0
3,3.0,1.0,3.0,9.0
3,3.0,1.0,2.0,10.0
3,3.0,1.0,3.0,11.0
3,6.0,2.0,5.0,12.0
3,5.0,2.0,3.0,13.0
3,4.0,3.0,1.0,14.0
3,5.0,4.0,2.0,15.0
3,5.0,5.0,3.0,16.0
3,6.0,5.0,3.0,17.0
3,7.0,5.0,4.0,18.0
3,6.0,5.0,2.0,19.0
3,7.0,5.0,3.0,20.0
5,2.0,1.0,2.0,1.0
5,1.0,1.0,0.0,2.0
5,3.0,1.0,2.0,3.0
5,2.0,1.0,1.0,4.0
5,2.0,1.0,1.0,5.0
5,1.0,1.0,0.0,6.0
5,8.0,1.0,7.0,7.0
5,2.0,1.0,1.0,8.0
5,2.0,1.0,1.0,9.0
5,4.0,1.0,3.0,10.0
5,3.0,1.0,3.0,11.0
5,5.0,2.0,4.0,12.0
5,3.0,2.0,1.0,13.0
5,3.0,2.0,1.0,14.0
5,4.0,2.0,2.0,15.0
5,4.0,2.0,2.0,16.0
5,2.0,2.0,0.0,17.0
5,3.0,2.0,1.0,18.0
5,4.0,2.0,3.0,19.0
5,5.0,2.0,3.0,20.0
7,4.0,0.0,4.0,1.0
7,3.0,0.0,3.0,2.0
7,0.0,0.0,0.0,3.0
7,3.0,0.0,3.0,4.0
7,4.0,0.0,4.0,5.0
7,3.0,0.0,3.0,6.0
7,3.0,0.0,3.0,7.0
7,1.0,0.0,1.0,8.0
7,2.0,0.0,2.0,9.0
7,1.0,1.0,1.0,10.0
7,3.0,1.0,3.0,11.0
7,4.0,1.0,3.0,12.0
7,3.0,1.0,2.0,13.0
7,1.0,1.0,0.0,14.0
7,4.0,1.0,3.0,15.0
7,2.0,1.0,2.0,16.0
7,1.0,1.0,1.0,17.0
7,2.0,1.0,1.0,18.0
7,3.0,1.0,2.0,19.0
7,2.0,1.0,1.0,20.0
9,4.0,1.0,5.0,1.0
9,3.0,2.0,3.0,2.0
9,7.0,2.0,5.0,3.0
9,4.0,2.0,2.0,4.0
9,5.0,2.0,3.0,5.0
9,5.0,2.0,4.0,6.0
9,3.0,2.0,1.0,7.0
9,3.0,2.0,2.0,8.0
9,4.0,2.0,2.0,9.0
9,3.0,2.0,2.0,10.0
9,3.0,2.0,2.0,11.0
9,4.0,2.0,2.0,12.0
9,7.0,3.0,5.0,13.0
9,5.0,3.0,3.0,14.0
9,4.0,4.0,3.0,15.0
9,5.0,4.0,2.0,16.0
9,5.0,4.0,5.0,17.0
9,6.0,6.0,2.0,18.0
9,6.0,6.0,1.0,19.0
9,8.0,6.0,2.0,20.0
11,1.0,0.0,1.0,1.0
11,5.0,0.0,5.0,2.0
11,4.0,0.0,4.0,3.0
11,2.0,0.0,2.0,4.0
11,2.0,0.0,2.0,5.0
11,2.0,0.0,2.0,6.0
11,1.0,0.0,1.0,7.0
11,1.0,0.0,1.0,8.0
11,2.0,0.0,2.0,9.0
11,1.0,0.0,1.0,10.0
11,0.0,0.0,0.0,11.0
11,1.0,0.0,1.0,12.0
11,0.0,0.0,0.0,13.0
11,1.0,0.0,1.0,14.0
11,2.0,0.0,2.0,15.0
11,3.0,0.0,3.0,16.0
11,2.0,0.0,2.0,17.0
11,4.0,0.0,4.0,18.0
11,4.0,0.0,4.0,19.0
11,2.0,0.0,2.0,20.0
13,0.0,0.0,0.0,1.0
13,1.0,0.0,1.0,2.0
13,2.0,0.0,2.0,3.0
13,3.0,0.0,4.0,4.0
13,1.0,0.0,2.0,5.0
13,1.0,0.0,1.0,6.0
13,2.0,0.0,2.0,7.0
13,2.0,0.0,2.0,8.0
13,2.0,0.0,2.0,9.0
13,2.0,0.0,2.0,10.0
13,4.0,0.0,5.0,11.0
13,1.0,0.0,1.0,12.0
13,0.0,0.0,0.0,13.0
13,2.0,0.0,2.0,14.0
13,2.0,0.0,2.0,15.0
13,1.0,0.0,1.0,16.0
13,3.0,0.0,3.0,17.0
13,3.0,0.0,4.0,18.0
13,1.0,0.0,1.0,19.0
13,3.0,0.0,3.0,20.0
15,1.0,0.0,1.0,1.0
15,1.0,0.0,2.0,2.0
15,0.0,0.0,0.0,3.0
15,3.0,0.0,3.0,4.0
15,3.0,1.0,3.0,5.0
15,3.0,1.0,3.0,6.0
15,4.0,2.0,3.0,7.0
15,3.0,2.0,2.0,8.0
15,3.0,2.0,2.0,9.0
15,3.0,2.0,2.0,10.0
15,4.0,2.0,2.0,11.0
15,3.0,2.0,1.0,12.0
15,3.0,3.0,2.0,13.0
15,5.0,3.0,3.0,14.0
15,3.0,3.0,1.0,15.0
15,4.0,3.0,1.0,16.0
15,5.0,4.0,2.0,17.0
15,5.0,4.0,4.0,18.0
15,5.0,4.0,1.0,19.0
15,5.0,5.0,2.0,20.0
17,2.0,0.0,2.0,1.0
17,5.0,0.0,5.0,2.0
17,1.0,0.0,2.0,3.0
17,0.0,0.0,0.0,4.0
17,2.0,0.0,3.0,5.0
17,3.0,0.0,4.0,6.0
17,2.0,0.0,2.0,7.0
17,2.0,0.0,2.0,8.0
17,0.0,0.0,0.0,9.0
17,2.0,0.0,3.0,10.0
17,0.0,0.0,0.0,11.0
17,2.0,0.0,2.0,12.0
17,2.0,0.0,2.0,13.0
17,3.0,0.0,3.0,14.0
17,2.0,0.0,2.0,15.0
17,2.0,0.0,2.0,16.0
17,1.0,0.0,1.0,17.0
17,2.0,1.0,2.0,18.0
17,2.0,1.0,1.0,19.0
17,4.0,1.0,4.0,20.0
19,2.0,0.0,2.0,1.0
19,1.0,0.0,1.0,2.0
19,1.0,0.0,2.0,3.0
19,3.0,0.0,3.0,4.0
19,2.0,0.0,2.0,5.0
19,2.0,0.0,2.0,6.0
19,1.0,0.0,1.0,7.0
19,2.0,0.0,2.0,8.0
19,4.0,0.0,4.0,9.0
19,3.0,0.0,3.0,10.0
19,2.0,0.0,2.0,11.0
19,2.0,0.0,3.0,12.0
19,1.0,0.0,1.0,13.0
19,1.0,0.0,1.0,14.0
19,0.0,0.0,0.0,15.0
19,0.0,0.0,0.0,16.0
19,0.0,0.0,0.0,17.0
19,1.0,0.0,1.0,18.0
19,3.0,0.0,3.0,19.0
19,5.0,0.0,5.0,20.0
21,2.0,0.0,2.0,1.0
21,2.0,0.0,2.0,2.0
21,3.0,0.0,3.0,3.0
21,2.0,1.0,1.0,4.0
21,3.0,1.0,2.0,5.0
21,2.0,1.0,1.0,6.0
21,2.0,1.0,2.0,7.0
21,3.0,2.0,2.0,8.0
21,2.0,2.0,0.0,9.0
21,4.0,2.0,2.0,10.0
21,2.0,2.0,0.0,11.0
21,3.0,3.0,1.0,12.0
21,3.0,3.0,0.0,13.0
21,7.0,3.0,5.0,14.0
21,6.0,3.0,4.0,15.0
21,4.0,3.0,2.0,16.0
21,4.0,3.0,4.0,17.0
21,4.0,4.0,0.0,18.0
21,6.0,4.0,3.0,19.0
21,5.0,4.0,2.0,20.0
23,2.0,0.0,2.0,1.0
23,1.0,1.0,1.0,2.0
23,3.0,1.0,2.0,3.0
23,5.0,2.0,5.0,4.0
23,2.0,2.0,0.0,5.0
23,2.0,2.0,1.0,6.0
23,4.0,2.0,2.0,7.0
23,3.0,2.0,3.0,8.0
23,4.0,2.0,3.0,9.0
23,2.0,2.0,0.0,10.0
23,2.0,2.0,0.0,11.0
23,3.0,2.0,1.0,12.0
23,5.0,2.0,3.0,13.0
23,5.0,2.0,4.0,14.0
23,3.0,2.0,3.0,15.0
23,4.0,2.0,5.0,16.0
23,4.0,2.0,4.0,17.0
23,4.0,2.0,4.0,18.0
23,3.0,2.0,2.0,19.0
23,4.0,2.0,4.0,20.0
25,2.0,0.0,2.0,1.0
25,1.0,0.0,1.0,2.0
25,4.0,0.0,4.0,3.0
25,3.0,0.0,3.0,4.0
25,4.0,0.0,5.0,5.0
25,0.0,0.0,0.0,6.0
25,2.0,0.0,2.0,7.0
25,2.0,0.0,2.0,8.0
25,2.0,0.0,2.0,9.0
25,1.0,0.0,1.0,10.0
25,2.0,0.0,2.0,11.0
25,1.0,0.0,1.0,12.0
25,0.0,0.0,0.0,13.0
25,1.0,0.0,1.0,14.0
25,1.0,0.0,1.0,15.0
25,2.0,0.0,2.0,16.0
25,2.0,0.0,2.0,17.0
25,2.0,0.0,2.0,18.0
25,1.0,0.0,1.0,19.0
25,1.0,0.0,2.0,20.0
27,1.0,0.0,1.0,1.0
27,1.0,0.0,1.0,2.0
27,3.0,0.0,3.0,3.0
27,1.0,0.0,1.0,4.0
27,1.0,0.0,1.0,5.0
27,2.0,1.0,2.0,6.0
27,4.0,1.0,3.0,7.0
27,3.0,1.0,2.0,8.0
27,5.0,1.0,4.0,9.0
27,2.0,1.0,2.0,10.0
27,1.0,1.0,0.0,11.0
27,2.0,2.0,1.0,12.0
27,3.0,2.0,1.0,13.0
27,4.0,3.0,2.0,14.0
27,5.0,3.0,2.0,15.0
27,7.0,5.0,3.0,16.0
27,6.0,5.0,3.0,17.0
27,9.0,5.0,5.0,18.0
27,8.0,5.0,5.0,19.0
27,7.0,5.0,3.0,20.0
29,2.0,0.0,2.0,1.0
29,0.0,0.0,0.0,2.0
29,1.0,0.0,1.0,3.0
29,1.0,0.0,1.0,4.0
29,3.0,0.0,3.0,5.0
29,5.0,1.0,5.0,6.0
29,3.0,1.0,2.0,7.0
29,3.0,1.0,2.0,8.0
29,4.0,1.0,3.0,9.0
29,4.0,1.0,4.0,10.0
29,2.0,1.0,1.0,11.0
29,4.0,1.0,3.0,12.0
29,1.0,1.0,1.0,13.0
29,1.0,1.0,1.0,14.0
29,3.0,1.0,2.0,15.0
29,1.0,1.0,0.0,16.0
29,1.0,1.0,0.0,17.0
29,3.0,1.0,2.0,18.0
29,2.0,1.0,1.0,19.0
29,3.0,1.0,2.0,20.0
31,1.0,0.0,1.0,1.0
31,2.0,0.0,2.0,2.0
31,4.0,0.0,6.0,3.0
31,3.0,0.0,3.0,4.0
31,4.0,0.0,5.0,5.0
31,1.0,0.0,1.0,6.0
31,3.0,0.0,3.0,7.0
31,5.0,0.0,5.0,8.0
31,2.0,0.0,2.0,9.0
31,2.0,0.0,2.0,10.0
31,5.0,0.0,5.0,11.0
31,4.0,0.0,4.0,12.0
31,1.0,0.0,1.0,13.0
31,2.0,0.0,2.0,14.0
31,0.0,0.0,0.0,15.0
31,4.0,0.0,4.0,16.0
31,2.0,0.0,2.0,17.0
31,2.0,0.0,2.0,18.0
31,3.0,0.0,4.0,19.0
31,3.0,0.0,3.0,20.0
33,2.0,0.0,3.0,1.0
33,2.0,1.0,1.0,2.0
33,2.0,1.0,1.0,3.0
33,3.0,1.0,2.0,4.0
33,3.0,1.0,2.0,5.0
33,3.0,1.0,2.0,6.0
33,2.0,1.0,2.0,7.0
33,3.0,1.0,2.0,8.0
33,2.0,1.0,1.0,9.0
33,2.0,1.0,2.0,10.0
33,2.0,1.0,1.0,11.0
33,2.0,1.0,2.0,12.0
33,2.0,1.0,2.0,13.0
33,3.0,1.0,2.0,14.0
33,6.0,2.0,5.0,15.0
33,7.0,3.0,6.0,16.0
33,5.0,3.0,3.0,17.0
33,5.0,4.0,2.0,18.0
33,4.0,4.0,1.0,19.0
33,5.0,4.0,1.0,20.0
35,2.0,0.0,2.0,1.0
35,2.0,0.0,2.0,2.0
35,0.0,0.0,0.0,3.0
35,3.0,0.0,3.0,4.0
35,2.0,0.0,2.0,5.0
35,3.0,0.0,4.0,6.0
35,1.0,0.0,1.0,7.0
35,2.0,1.0,1.0,8.0
35,3.0,1.0,2.0,9.0
35,3.0,1.0,2.0,10.0
35,4.0,1.0,3.0,11.0
35,2.0,1.0,2.0,12.0
35,4.0,1.0,4.0,13.0
35,2.0,1.0,1.0,14.0
35,2.0,1.0,1.0,15.0
35,2.0,1.0,1.0,16.0
35,3.0,2.0,4.0,17.0
35,3.0,2.0,1.0,18.0
35,2.0,2.0,1.0,19.0
35,3.0,2.0,1.0,20.0
37,2.0,0.0,2.0,1.0
37,3.0,0.0,3.0,2.0
37,3.0,0.0,3.0,3.0
37,2.0,0.0,2.0,4.0
37,2.0,0.0,2.0,5.0
37,4.0,0.0,4.0,6.0
37,3.0,0.0,3.0,7.0
37,1.0,0.0,1.0,8.0
37,2.0,0.0,4.0,9.0
37,3.0,0.0,4.0,10.0
37,2.0,0.0,2.0,11.0
37,2.0,0.0,2.0,12.0
37,0.0,0.0,0.0,13.0
37,2.0,0.0,2.0,14.0
37,3.0,0.0,3.0,15.0
37,3.0,0.0,3.0,16.0
37,1.0,0.0,1.0,17.0
37,1.0,0.0,1.0,18.0
37,4.0,0.0,4.0,19.0
37,0.0,0.0,0.0,20.0
39,3.0,0.0,3.0,1.0
39,2.0,0.0,2.0,2.0
39,4.0,0.0,6.0,3.0
39,0.0,0.0,0.0,4.0
39,2.0,0.0,2.0,5.0
39,2.0,0.0,2.0,6.0
39,2.0,0.0,2.0,7.0
39,2.0,1.0,1.0,8.0
39,2.0,1.0,1.0,9.0
39,1.0,1.0,0.0,10.0
39,3.0,1.0,2.0,11.0
39,2.0,1.0,1.0,12.0
39,6.0,1.0,6.0,13.0
39,5.0,3.0,3.0,14.0
39,3.0,3.0,0.0,15.0
39,5.0,3.0,2.0,16.0
39,5.0,4.0,1.0,17.0
39,5.0,4.0,1.0,18.0
39,4.0,4.0,0.0,19.0
39,6.0,4.0,2.0,20.0
41,2.0,0.0,2.0,1.0
41,0.0,0.0,0.0,2.0
41,2.0,0.0,2.0,3.0
41,2.0,0.0,2.0,4.0
41,5.0,1.0,4.0,5.0
41,3.0,1.0,2.0,6.0
41,4.0,1.0,3.0,7.0
41,2.0,1.0,1.0,8.0
41,5.0,1.0,5.0,9.0
41,1.0,1.0,0.0,10.0
41,4.0,1.0,4.0,11.0
41,6.0,2.0,4.0,12.0
41,2.0,2.0,0.0,13.0
41,3.0,3.0,2.0,14.0
41,6.0,3.0,4.0,15.0
41,3.0,3.0,1.0,16.0
41,6.0,3.0,3.0,17.0
41,5.0,3.0,4.0,18.0
41,3.0,3.0,0.0,19.0
41,4.0,3.0,3.0,20.0
43,2.0,0.0,2.0,1.0
43,0.0,0.0,0.0,2.0
43,2.0,0.0,2.0,3.0
43,2.0,0.0,2.0,4.0
43,3.0,0.0,3.0,5.0
43,4.0,0.0,5.0,6.0
43,2.0,0.0,2.0,7.0
43,3.0,0.0,3.0,8.0
43,1.0,0.0,1.0,9.0
43,2.0,0.0,2.0,10.0
43,0.0,0.0,0.0,11.0
43,1.0,0.0,1.0,12.0
43,1.0,0.0,1.0,13.0
43,3.0,0.0,3.0,14.0
43,1.0,0.0,1.0,15.0
43,2.0,0.0,3.0,16.0
43,1.0,0.0,1.0,17.0
43,1.0,0.0,1.0,18.0
43,2.0,0.0,2.0,19.0
43,2.0,0.0,5.0,20.0
45,1.0,0.0,1.0,1.0
45,3.0,1.0,3.0,2.0
45,3.0,1.0,3.0,3.0
45,2.0,1.0,2.0,4.0
45,2.0,1.0,1.0,5.0
45,2.0,1.0,1.0,6.0
45,3.0,1.0,2.0,7.0
45,4.0,1.0,3.0,8.0
45,6.0,1.0,5.0,9.0
45,4.0,1.0,3.0,10.0
45,5.0,3.0,2.0,11.0
45,3.0,3.0,0.0,12.0
45,4.0,4.0,1.0,13.0
45,6.0,4.0,3.0,14.0
45,8.0,4.0,5.0,15.0
45,4.0,4.0,2.0,16.0
45,5.0,4.0,2.0,17.0
45,6.0,4.0,2.0,18.0
45,5.0,4.0,1.0,19.0
45,6.0,4.0,5.0,20.0
47,3.0,0.0,3.0,1.0
47,1.0,0.0,1.0,2.0
47,2.0,0.0,2.0,3.0
47,3.0,0.0,4.0,4.0
47,1.0,1.0,0.0,5.0
47,3.0,1.0,4.0,6.0
47,3.0,1.0,2.0,7.0
47,2.0,1.0,1.0,8.0
47,3.0,1.0,3.0,9.0
47,2.0,1.0,1.0,10.0
47,3.0,1.0,3.0,11.0
47,3.0,1.0,2.0,12.0
47,2.0,1.0,2.0,13.0
47,4.0,2.0,4.0,14.0
47,2.0,2.0,1.0,15.0
47,3.0,2.0,1.0,16.0
47,4.0,2.0,3.0,17.0
47,3.0,2.0,2.0,18.0
47,4.0,2.0,3.0,19.0
47,5.0,2.0,3.0,20.0
49,2.0,0.0,2.0,1.0
49,3.0,0.0,3.0,2.0
49,0.0,0.0,0.0,3.0
49,2.0,0.0,2.0,4.0
49,3.0,0.0,3.0,5.0
49,2.0,0.0,2.0,6.0
49,3.0,0.0,3.0,7.0
49,3.0,0.0,4.0,8.0
49,0.0,0.0,0.0,9.0
49,1.0,0.0,1.0,10.0
49,2.0,0.0,2.0,11.0
49,3.0,0.0,4.0,12.0
49,1.0,0.0,1.0,13.0
49,1.0,0.0,1.0,14.0
49,2.0,0.0,2.0,15.0
49,1.0,0.0,1.0,16.0
49,5.0,0.0,5.0,17.0
49,3.0,0.0,4.0,18.0
49,3.0,0.0,3.0,19.0
49,2.0,0.0,3.0,20.0
51,4.0,0.0,4.0,1.0
51,4.0,0.0,4.0,2.0
51,2.0,0.0,3.0,3.0
51,2.0,0.0,2.0,4.0
51,2.0,0.0,3.0,5.0
51,1.0,0.0,1.0,6.0
51,1.0,0.0,1.0,7.0
51,2.0,0.0,2.0,8.0
51,1.0,1.0,1.0,9.0
51,2.0,1.0,1.0,10.0
51,2.0,1.0,1.0,11.0
51,3.0,1.0,3.0,12.0
51,4.0,1.0,3.0,13.0
51,4.0,1.0,3.0,14.0
51,2.0,1.0,2.0,15.0
51,3.0,1.0,3.0,16.0
51,3.0,2.0,2.0,17.0
51,5.0,3.0,4.0,18.0
51,3.0,3.0,1.0,19.0
51,4.0,4.0,2.0,20.0
53,1.0,0.0,1.0,1.0
53,2.0,0.0,2.0,2.0
53,2.0,0.0,2.0,3.0
53,1.0,0.0,1.0,4.0
53,4.0,0.0,4.0,5.0
53,2.0,0.0,3.0,6.0
53,3.0,0.0,3.0,7.0
53,3.0,1.0,4.0,8.0
53,3.0,2.0,2.0,9.0
53,3.0,2.0,2.0,10.0
53,4.0,3.0,2.0,11.0
53,3.0,3.0,1.0,12.0
53,5.0,3.0,3.0,13.0
53,4.0,3.0,1.0,14.0
53,5.0,3.0,3.0,15.0
53,4.0,3.0,1.0,16.0
53,3.0,3.0,0.0,17.0
53,6.0,3.0,3.0,18.0
53,4.0,4.0,1.0,19.0
53,6.0,5.0,2.0,20.0
55,1.0,0.0,1.0,1.0
55,3.0,0.0,3.0,2.0
55,2.0,0.0,2.0,3.0
55,2.0,0.0,2.0,4.0
55,5.0,0.0,5.0,5.0
55,3.0,0.0,3.0,6.0
55,2.0,0.0,2.0,7.0
55,3.0,0.0,3.0,8.0
55,4.0,0.0,4.0,9.0
55,3.0,0.0,3.0,10.0
55,3.0,0.0,3.0,11.0
55,3.0,0.0,3.0,12.0
55,2.0,0.0,3.0,13.0
55,3.0,0.0,3.0,14.0
55,1.0,0.0,1.0,15.0
55,3.0,0.0,3.0,16.0
55,2.0,0.0,2.0,17.0
55,1.0,0.0,3.0,18.0
55,1.0,0.0,2.0,19.0
55,4.0,0.0,4.0,20.0
57,3.0,0.0,3.0,1.0
57,0.0,0.0,0.0,2.0
57,2.0,0.0,2.0,3.0
57,2.0,0.0,2.0,4.0
57,1.0,0.0,1.0,5.0
57,4.0,0.0,4.0,6.0
57,1.0,0.0,1.0,7.0
57,3.0,0.0,3.0,8.0
57,3.0,0.0,3.0,9.0
57,2.0,0.0,2.0,10.0
57,1.0,0.0,1.0,11.0
57,1.0,0.0,1.0,12.0
57,0.0,0.0,0.0,13.0
57,0.0,0.0,0.0,14.0
57,2.0,1.0,3.0,15.0
57,2.0,1.0,2.0,16.0
57,3.0,1.0,2.0,17.0
57,1.0,1.0,0.0,18.0
57,4.0,1.0,4.0,19.0
57,2.0,1.0,1.0,20.0
59,1.0,1.0,1.0,1.0
59,3.0,1.0,2.0,2.0
59,2.0,1.0,1.0,3.0
59,4.0,1.0,3.0,4.0
59,5.0,1.0,5.0,5.0
59,3.0,2.0,1.0,6.0
59,3.0,2.0,1.0,7.0
59,2.0,2.0,1.0,8.0
59,4.0,2.0,4.0,9.0
59,3.0,2.0,4.0,10.0
59,2.0,2.0,1.0,11.0
59,4.0,2.0,4.0,12.0
59,4.0,2.0,3.0,13.0
59,4.0,2.0,3.0,14.0
59,2.0,2.0,0.0,15.0
59,3.0,2.0,1.0,16.0
59,3.0,2.0,3.0,17.0
59,2.0,2.0,1.0,18.0
59,2.0,2.0,3.0,19.0
59,2.0,2.0,1.0,20.0
61,3.0,0.0,3.0,1.0
61,3.0,0.0,3.0,2.0
61,2.0,0.0,2.0,3.0
61,2.0,0.0,2.0,4.0
61,0.0,0.0,0.0,5.0
61,1.0,0.0,1.0,6.0
61,3.0,0.0,3.0,7.0
61,1.0,0.0,1.0,8.0
61,2.0,0.0,2.0,9.0
61,2.0,0.0,3.0,10.0
61,1.0,0.0,1.0,11.0
61,0.0,0.0,0.0,12.0
61,1.0,0.0,1.0,13.0
61,0.0,0.0,0.0,14.0
61,0.0,0.0,0.0,15.0
61,4.0,0.0,4.0,16.0
61,2.0,0.0,2.0,17.0
61,3.0,1.0,3.0,18.0
61,2.0,1.0,3.0,19.0
61,2.0,1.0,1.0,20.0
63,1.0,0.0,1.0,1.0
63,2.0,0.0,2.0,2.0
63,1.0,0.0,1.0,3.0
63,2.0,0.0,3.0,4.0
63,0.0,0.0,0.0,5.0
63,2.0,0.0,2.0,6.0
63,2.0,1.0,2.0,7.0
63,1.0,1.0,0.0,8.0
63,2.0,1.0,1.0,9.0
63,3.0,1.0,2.0,10.0
63,3.0,1.0,2.0,11.0
63,3.0,2.0,2.0,12.0
63,2.0,2.0,0.0,13.0
63,4.0,2.0,2.0,14.0
63,5.0,2.0,4.0,15.0
63,4.0,2.0,2.0,16.0
63,6.0,3.0,5.0,17.0
63,5.0,3.0,3.0,18.0
63,5.0,3.0,3.0,19.0
63,4.0,3.0,1.0,20.0
65,2.0,0.0,2.0,1.0
65,1.0,0.0,1.0,2.0
65,1.0,0.0,1.0,3.0
65,0.0,0.0,0.0,4.0
65,3.0,0.0,3.0,5.0
65,0.0,0.0,0.0,6.0
65,0.0,0.0,0.0,7.0
65,1.0,0.0,1.0,8.0
65,3.0,0.0,3.0,9.0
65,3.0,0.0,3.0,10.0
65,3.0,0.0,3.0,11.0
65,0.0,0.0,0.0,12.0
65,2.0,0.0,2.0,13.0
65,1.0,0.0,1.0,14.0
65,5.0,0.0,6.0,15.0
65,2.0,0.0,3.0,16.0
65,2.0,0.0,2.0,17.0
65,0.0,0.0,0.0,18.0
65,1.0,0.0,2.0,19.0
65,2.0,0.0,2.0,20.0
67,2.0,0.0,2.0,1.0
67,3.0,0.0,3.0,2.0
67,5.0,0.0,5.0,3.0
67,3.0,0.0,3.0,4.0
67,2.0,0.0,2.0,5.0
67,3.0,0.0,3.0,6.0
67,0.0,0.0,0.0,7.0
67,5.0,0.0,5.0,8.0
67,2.0,0.0,2.0,9.0
67,2.0,0.0,2.0,10.0
67,2.0,0.0,2.0,11.0
67,4.0,0.0,5.0,12.0
67,1.0,0.0,1.0,13.0
67,2.0,0.0,2.0,14.0
67,1.0,0.0,1.0,15.0
67,1.0,0.0,2.0,16.0
67,0.0,0.0,0.0,17.0
67,2.0,0.0,2.0,18.0
67,4.0,0.0,4.0,19.0
67,1.0,0.0,1.0,20.0
69,4.0,0.0,4.0,1.0
69,2.0,1.0,1.0,2.0
69,2.0,1.0,1.0,3.0
69,2.0,2.0,1.0,4.0
69,4.0,2.0,2.0,5.0
69,3.0,2.0,1.0,6.0
69,7.0,2.0,7.0,7.0
69,4.0,3.0,2.0,8.0
69,4.0,3.0,1.0,9.0
69,5.0,3.0,2.0,10.0
69,4.0,3.0,3.0,11.0
69,3.0,3.0,0.0,12.0
69,4.0,3.0,1.0,13.0
69,4.0,3.0,1.0,14.0
69,3.0,3.0,0.0,15.0
69,4.0,3.0,1.0,16.0
69,4.0,4.0,1.0,17.0
69,4.0,4.0,2.0,18.0
69,5.0,4.0,4.0,19.0
69,5.0,4.0,1.0,20.0
71,2.0,0.0,2.0,1.0
71,1.0,0.0,1.0,2.0
71,1.0,0.0,3.0,3.0
71,5.0,1.0,5.0,4.0
71,3.0,2.0,2.0,5.0
71,2.0,2.0,0.0,6.0
71,3.0,2.0,2.0,7.0
71,6.0,2.0,6.0,8.0
71,4.0,2.0,4.0,9.0
71,5.0,2.0,3.0,10.0
71,3.0,2.0,1.0,11.0
71,5.0,2.0,3.0,12.0
71,4.0,2.0,4.0,13.0
71,4.0,3.0,1.0,14.0
71,6.0,3.0,4.0,15.0
71,4.0,3.0,2.0,16.0
71,6.0,3.0,3.0,17.0
71,3.0,3.0,0.0,18.0
71,5.0,3.0,3.0,19.0
71,5.0,3.0,2.0,20.0
73,1.0,0.0,1.0,1.0
73,3.0,0.0,3.0,2.0
73,3.0,0.0,3.0,3.0
73,4.0,0.0,4.0,4.0
73,2.0,0.0,2.0,5.0
73,5.0,0.0,5.0,6.0
73,1.0,0.0,1.0,7.0
73,1.0,0.0,1.0,8.0
73,4.0,0.0,5.0,9.0
73,1.0,0.0,1.0,10.0
73,5.0,0.0,5.0,11.0
73,2.0,0.0,2.0,12.0
73,0.0,0.0,0.0,13.0
73,2.0,0.0,2.0,14.0
73,5.0,0.0,5.0,15.0
73,2.0,0.0,2.0,16.0
73,1.0,0.0,1.0,17.0
73,1.0,0.0,1.0,18.0
73,4.0,0.0,4.0,19.0
73,2.0,0.0,2.0,20.0
75,1.0,0.0,1.0,1.0
75,3.0,3.0,4.0,2.0
75,4.0,3.0,1.0,3.0
75,4.0,3.0,4.0,4.0
75,3.0,3.0,1.0,5.0
75,4.0,3.0,1.0,6.0
75,3.0,3.0,1.0,7.0
75,5.0,3.0,2.0,8.0
75,4.0,4.0,0.0,9.0
75,5.0,4.0,2.0,10.0
75,5.0,4.0,1.0,11.0
75,5.0,4.0,2.0,12.0
75,6.0,4.0,4.0,13.0
75,5.0,4.0,2.0,14.0
75,6.0,5.0,2.0,15.0
75,5.0,5.0,0.0,16.0
75,7.0,5.0,2.0,17.0
75,8.0,6.0,5.0,18.0
75,6.0,6.0,0.0,19.0
75,7.0,6.0,3.0,20.0
77,4.0,1.0,4.0,1.0
77,2.0,1.0,3.0,2.0
77,2.0,1.0,1.0,3.0
77,2.0,1.0,1.0,4.0
77,2.0,1.0,3.0,5.0
77,2.0,1.0,1.0,6.0
77,3.0,1.0,2.0,7.0
77,4.0,2.0,4.0,8.0
77,4.0,2.0,3.0,9.0
77,4.0,2.0,3.0,10.0
77,5.0,3.0,3.0,11.0
77,3.0,3.0,2.0,12.0
77,4.0,3.0,1.0,13.0
77,5.0,3.0,4.0,14.0
77,6.0,3.0,5.0,15.0
77,4.0,3.0,2.0,16.0
77,4.0,4.0,1.0,17.0
77,4.0,4.0,3.0,18.0
77,6.0,4.0,2.0,19.0
77,5.0,4.0,3.0,20.0
79,0.0,0.0,0.0,1.0
79,2.0,0.0,2.0,2.0
79,2.0,0.0,2.0,3.0
79,3.0,0.0,3.0,4.0
79,2.0,0.0,2.0,5.0
79,5.0,0.0,5.0,6.0
79,2.0,0.0,2.0,7.0
79,1.0,0.0,1.0,8.0
79,4.0,0.0,4.0,9.0
79,0.0,0.0,0.0,10.0
79,3.0,0.0,3.0,11.0
79,2.0,0.0,2.0,12.0
79,1.0,0.0,1.0,13.0
79,1.0,0.0,1.0,14.0
79,0.0,0.0,0.0,15.0
79,1.0,0.0,1.0,16.0
79,3.0,0.0,3.0,17.0
79,2.0,0.0,2.0,18.0
79,3.0,0.0,3.0,19.0
79,0.0,0.0,0.0,20.0
81,0.0,0.0,0.0,1.0
81,2.0,0.0,2.0,2.0
81,1.0,1.0,0.0,3.0
81,3.0,1.0,3.0,4.0
81,2.0,1.0,1.0,5.0
81,4.0,1.0,3.0,6.0
81,4.0,1.0,3.0,7.0
81,2.0,1.0,1.0,8.0
81,3.0,1.0,3.0,9.0
81,1.0,1.0,0.0,10.0
81,3.0,1.0,2.0,11.0
81,4.0,1.0,4.0,12.0
81,3.0,1.0,3.0,13.0
81,6.0,1.0,7.0,14.0
81,5.0,2.0,4.0,15.0
81,4.0,3.0,2.0,16.0
81,3.0,3.0,0.0,17.0
81,4.0,3.0,2.0,18.0
81,3.0,3.0,0.0,19.0
81,4.0,3.0,1.0,20.0
83,3.0,0.0,3.0,1.0
83,4.0,0.0,4.0,2.0
83,2.0,0.0,2.0,3.0
83,2.0,0.0,2.0,4.0
83,2.0,0.0,2.0,5.0
83,4.0,0.0,5.0,6.0
83,1.0,0.0,1.0,7.0
83,2.0,0.0,2.0,8.0
83,1.0,0.0,1.0,9.0
83,3.0,0.0,3.0,10.0
83,6.0,1.0,5.0,11.0
83,5.0,3.0,3.0,12.0
83,6.0,4.0,3.0,13.0
83,8.0,5.0,4.0,14.0
83,5.0,5.0,1.0,15.0
83,7.0,5.0,3.0,16.0
83,9.0,6.0,5.0,17.0
83,9.0,6.0,4.0,18.0
83,7.0,6.0,2.0,19.0
83,10.0,6.0,4.0,20.0
85,2.0,0.0,2.0,1.0
85,2.0,0.0,2.0,2.0
85,2.0,0.0,2.0,3.0
85,1.0,1.0,0.0,4.0
85,2.0,1.0,1.0,5.0
85,1.0,1.0,0.0,6.0
85,1.0,1.0,0.0,7.0
85,5.0,1.0,4.0,8.0
85,2.0,1.0,1.0,9.0
85,3.0,1.0,2.0,10.0
85,2.0,1.0,1.0,11.0
85,2.0,1.0,1.0,12.0
85,4.0,1.0,3.0,13.0
85,2.0,1.0,1.0,14.0
85,4.0,1.0,3.0,15.0
85,2.0,1.0,2.0,16.0
85,3.0,1.0,2.0,17.0
85,2.0,1.0,1.0,18.0
85,4.0,1.0,5.0,19.0
85,4.0,1.0,4.0,20.0
87,2.0,0.0,2.0,1.0
87,5.0,1.0,5.0,2.0
87,4.0,2.0,3.0,3.0
87,3.0,3.0,2.0,4.0
87,5.0,3.0,3.0,5.0
87,3.0,3.0,2.0,6.0
87,6.0,3.0,4.0,7.0
87,6.0,3.0,6.0,8.0
87,6.0,4.0,3.0,9.0
87,4.0,4.0,0.0,10.0
87,6.0,4.0,3.0,11.0
87,7.0,4.0,3.0,12.0
87,4.0,4.0,1.0,13.0
87,6.0,4.0,2.0,14.0
87,5.0,4.0,1.0,15.0
87,6.0,4.0,2.0,16.0
87,4.0,4.0,0.0,17.0
87,6.0,4.0,2.0,18.0
87,6.0,4.0,4.0,19.0
87,5.0,4.0,1.0,20.0
89,3.0,0.0,3.0,1.0
89,3.0,1.0,2.0,2.0
89,3.0,1.0,2.0,3.0
89,3.0,1.0,4.0,4.0
89,1.0,1.0,0.0,5.0
89,3.0,1.0,2.0,6.0
89,3.0,1.0,2.0,7.0
89,5.0,2.0,4.0,8.0
89,6.0,3.0,4.0,9.0
89,8.0,4.0,4.0,10.0
89,6.0,4.0,5.0,11.0
89,6.0,5.0,2.0,12.0
89,7.0,5.0,3.0,13.0
89,7.0,5.0,3.0,14.0
89,8.0,5.0,4.0,15.0
89,6.0,5.0,2.0,16.0
89,7.0,5.0,4.0,17.0
89,6.0,5.0,2.0,18.0
89,7.0,5.0,5.0,19.0
89,5.0,5.0,0.0,20.0
2,4.0,0.0,5.0,1.0
2,2.0,0.0,2.0,2.0
2,2.0,1.0,3.0,3.0
2,5.0,2.0,4.0,4.0
2,5.0,2.0,3.0,5.0
2,5.0,2.0,3.0,6.0
2,3.0,2.0,1.0,7.0
2,2.0,2.0,0.0,8.0
2,4.0,2.0,2.0,9.0
2,4.0,2.0,2.0,10.0
2,4.0,3.0,1.0,11.0
2,5.0,3.0,3.0,12.0
2,5.0,5.0,0.0,13.0
2,7.0,5.0,3.0,14.0
2,6.0,5.0,1.0,15.0
2,7.0,5.0,3.0,16.0
2,7.0,5.0,2.0,17.0
2,7.0,5.0,3.0,18.0
2,7.0,6.0,2.0,19.0
2,7.0,6.0,2.0,20.0
4,3.0,0.0,3.0,1.0
4,0.0,0.0,0.0,2.0
4,0.0,0.0,0.0,3.0
4,2.0,0.0,2.0,4.0
4,0.0,0.0,0.0,5.0
4,2.0,0.0,2.0,6.0
4,3.0,0.0,3.0,7.0
4,2.0,0.0,2.0,8.0
4,2.0,0.0,2.0,9.0
4,2.0,0.0,2.0,10.0
4,1.0,0.0,1.0,11.0
4,3.0,0.0,4.0,12.0
4,1.0,0.0,1.0,13.0
4,1.0,0.0,1.0,14.0
4,2.0,0.0,2.0,15.0
4,2.0,0.0,3.0,16.0
4,2.0,0.0,2.0,17.0
4,1.0,0.0,1.0,18.0
4,2.0,0.0,2.0,19.0
4,1.0,0.0,1.0,20.0
6,2.0,1.0,2.0,1.0
6,2.0,1.0,1.0,2.0
6,3.0,2.0,1.0,3.0
6,2.0,2.0,0.0,4.0
6,2.0,2.0,0.0,5.0
6,3.0,2.0,1.0,6.0
6,5.0,2.0,3.0,7.0
6,3.0,2.0,1.0,8.0
6,4.0,3.0,2.0,9.0
6,5.0,3.0,4.0,10.0
6,4.0,3.0,2.0,11.0
6,5.0,3.0,3.0,12.0
6,4.0,3.0,1.0,13.0
6,5.0,3.0,2.0,14.0
6,3.0,3.0,0.0,15.0
6,4.0,3.0,2.0,16.0
6,4.0,3.0,2.0,17.0
6,4.0,3.0,1.0,18.0
6,5.0,3.0,3.0,19.0
6,3.0,3.0,1.0,20.0
8,3.0,0.0,3.0,1.0
8,4.0,1.0,3.0,2.0
8,3.0,1.0,3.0,3.0
8,3.0,1.0,2.0,4.0
8,2.0,1.0,1.0,5.0
8,3.0,2.0,3.0,6.0
8,4.0,2.0,3.0,7.0
8,3.0,2.0,1.0,8.0
8,4.0,2.0,2.0,9.0
8,3.0,2.0,2.0,10.0
8,3.0,2.0,1.0,11.0
8,5.0,2.0,3.0,12.0
8,5.0,3.0,3.0,13.0
8,6.0,3.0,4.0,14.0
8,6.0,4.0,4.0,15.0
8,4.0,4.0,1.0,16.0
8,6.0,4.0,3.0,17.0
8,4.0,4.0,2.0,18.0
8,4.0,4.0,1.0,19.0
8,7.0,4.0,5.0,20.0
10,4.0,0.0,4.0,1.0
10,3.0,0.0,3.0,2.0
10,1.0,0.0,1.0,3.0
10,4.0,0.0,4.0,4.0
10,4.0,0.0,5.0,5.0
10,1.0,0.0,1.0,6.0
10,0.0,0.0,0.0,7.0
10,0.0,0.0,0.0,8.0
10,6.0,0.0,6.0,9.0
10,3.0,0.0,3.0,10.0
10,3.0,0.0,5.0,11.0
10,2.0,0.0,2.0,12.0
10,2.0,0.0,2.0,13.0
10,0.0,0.0,0.0,14.0
10,0.0,0.0,0.0,15.0
10,1.0,0.0,1.0,16.0
10,2.0,0.0,2.0,17.0
10,4.0,0.0,5.0,18.0
10,3.0,0.0,4.0,19.0
10,2.0,0.0,2.0,20.0
12,2.0,0.0,3.0,1.0
12,0.0,0.0,0.0,2.0
12,1.0,0.0,1.0,3.0
12,1.0,1.0,1.0,4.0
12,2.0,1.0,1.0,5.0
12,2.0,1.0,2.0,6.0
12,2.0,1.0,1.0,7.0
12,2.0,1.0,1.0,8.0
12,1.0,1.0,1.0,9.0
12,3.0,2.0,3.0,10.0
12,3.0,2.0,1.0,11.0
12,3.0,2.0,1.0,12.0
12,3.0,3.0,1.0,13.0
12,4.0,3.0,2.0,14.0
12,3.0,3.0,1.0,15.0
12,4.0,3.0,1.0,16.0
12,4.0,3.0,2.0,17.0
12,6.0,4.0,3.0,18.0
12,6.0,5.0,3.0,19.0
12,6.0,5.0,2.0,20.0
14,3.0,0.0,3.0,1.0
14,2.0,0.0,3.0,2.0
14,1.0,1.0,0.0,3.0
14,5.0,1.0,5.0,4.0
14,1.0,1.0,0.0,5.0
14,2.0,2.0,2.0,6.0
14,3.0,2.0,3.0,7.0
14,3.0,3.0,0.0,8.0
14,5.0,3.0,2.0,9.0
14,5.0,3.0,3.0,10.0
14,3.0,3.0,2.0,11.0
14,4.0,4.0,2.0,12.0
14,5.0,5.0,2.0,13.0
14,7.0,5.0,2.0,14.0
14,5.0,5.0,0.0,15.0
14,6.0,5.0,2.0,16.0
14,6.0,6.0,0.0,17.0
14,7.0,6.0,4.0,18.0
14,8.0,6.0,3.0,19.0
14,6.0,6.0,0.0,20.0
16,1.0,0.0,1.0,1.0
16,0.0,0.0,0.0,2.0
16,2.0,0.0,2.0,3.0
16,2.0,0.0,2.0,4.0
16,0.0,0.0,0.0,5.0
16,3.0,0.0,3.0,6.0
16,4.0,0.0,4.0,7.0
16,4.0,1.0,4.0,8.0
16,3.0,1.0,2.0,9.0
16,2.0,1.0,1.0,10.0
16,3.0,2.0,2.0,11.0
16,3.0,2.0,2.0,12.0
16,3.0,2.0,1.0,13.0
16,4.0,2.0,3.0,14.0
16,4.0,2.0,2.0,15.0
16,3.0,2.0,1.0,16.0
16,3.0,2.0,1.0,17.0
16,2.0,2.0,0.0,18.0
16,4.0,2.0,2.0,19.0
16,4.0,2.0,2.0,20.0
18,1.0,1.0,1.0,1.0
18,5.0,2.0,5.0,2.0
18,3.0,2.0,1.0,3.0
18,5.0,2.0,3.0,4.0
18,3.0,2.0,2.0,5.0
18,3.0,2.0,1.0,6.0
18,3.0,2.0,2.0,7.0
18,3.0,2.0,1.0,8.0
18,5.0,2.0,3.0,9.0
18,4.0,2.0,2.0,10.0
18,3.0,2.0,2.0,11.0
18,4.0,2.0,2.0,12.0
18,3.0,2.0,1.0,13.0
18,4.0,2.0,2.0,14.0
18,5.0,2.0,4.0,15.0
18,4.0,3.0,1.0,16.0
18,3.0,3.0,0.0,17.0
18,3.0,3.0,0.0,18.0
18,3.0,3.0,0.0,19.0
18,6.0,3.0,3.0,20.0
20,2.0,0.0,2.0,1.0
20,0.0,0.0,0.0,2.0
20,2.0,0.0,2.0,3.0
20,2.0,0.0,2.0,4.0
20,5.0,1.0,4.0,5.0
20,3.0,1.0,2.0,6.0
20,4.0,1.0,3.0,7.0
20,2.0,1.0,1.0,8.0
20,5.0,1.0,5.0,9.0
20,1.0,1.0,0.0,10.0
20,4.0,1.0,4.0,11.0
20,6.0,2.0,4.0,12.0
20,2.0,2.0,0.0,13.0
20,3.0,3.0,2.0,14.0
20,6.0,3.0,4.0,15.0
20,3.0,3.0,1.0,16.0
20,6.0,3.0,3.0,17.0
20,5.0,3.0,4.0,18.0
20,3.0,3.0,0.0,19.0
20,4.0,3.0,3.0,20.0
22,1.0,0.0,1.0,1.0
22,0.0,0.0,0.0,2.0
22,2.0,0.0,2.0,3.0
22,4.0,0.0,4.0,4.0
22,1.0,0.0,1.0,5.0
22,3.0,0.0,3.0,6.0
22,3.0,0.0,3.0,7.0
22,1.0,0.0,1.0,8.0
22,3.0,0.0,4.0,9.0
22,2.0,0.0,2.0,10.0
22,3.0,0.0,3.0,11.0
22,3.0,1.0,3.0,12.0
22,4.0,1.0,3.0,13.0
22,4.0,2.0,4.0,14.0
22,4.0,2.0,5.0,15.0
22,3.0,2.0,1.0,16.0
22,5.0,2.0,3.0,17.0
22,6.0,2.0,6.0,18.0
22,4.0,2.0,3.0,19.0
22,4.0,2.0,2.0,20.0
24,1.0,1.0,1.0,1.0
24,4.0,1.0,4.0,2.0
24,4.0,1.0,4.0,3.0
24,2.0,1.0,2.0,4.0
24,3.0,2.0,3.0,5.0
24,3.0,2.0,1.0,6.0
24,3.0,2.0,1.0,7.0
24,4.0,2.0,4.0,8.0
24,3.0,2.0,1.0,9.0
24,3.0,2.0,2.0,10.0
24,4.0,3.0,2.0,11.0
24,5.0,3.0,3.0,12.0
24,5.0,3.0,2.0,13.0
24,5.0,3.0,2.0,14.0
24,3.0,3.0,0.0,15.0
24,5.0,3.0,2.0,16.0
24,5.0,3.0,2.0,17.0
24,6.0,3.0,4.0,18.0
24,3.0,3.0,0.0,19.0
24,6.0,3.0,4.0,20.0
26,3.0,0.0,4.0,1.0
26,4.0,0.0,6.0,2.0
26,4.0,0.0,4.0,3.0
26,3.0,0.0,3.0,4.0
26,3.0,0.0,3.0,5.0
26,1.0,0.0,1.0,6.0
26,1.0,1.0,1.0,7.0
26,2.0,1.0,2.0,8.0
26,2.0,1.0,1.0,9.0
26,2.0,1.0,1.0,10.0
26,3.0,1.0,3.0,11.0
26,2.0,2.0,0.0,12.0
26,2.0,2.0,1.0,13.0
26,3.0,2.0,1.0,14.0
26,2.0,2.0,0.0,15.0
26,4.0,2.0,2.0,16.0
26,2.0,2.0,1.0,17.0
26,5.0,2.0,4.0,18.0
26,5.0,3.0,3.0,19.0
26,3.0,3.0,0.0,20.0
28,2.0,0.0,2.0,1.0
28,3.0,0.0,3.0,2.0
28,0.0,0.0,0.0,3.0
28,2.0,0.0,2.0,4.0
28,3.0,0.0,3.0,5.0
28,2.0,0.0,2.0,6.0
28,3.0,0.0,3.0,7.0
28,3.0,0.0,4.0,8.0
28,0.0,0.0,0.0,9.0
28,1.0,0.0,1.0,10.0
28,2.0,0.0,2.0,11.0
28,3.0,0.0,4.0,12.0
28,1.0,0.0,1.0,13.0
28,1.0,0.0,1.0,14.0
28,2.0,0.0,2.0,15.0
28,1.0,0.0,1.0,16.0
28,5.0,0.0,5.0,17.0
28,3.0,0.0,4.0,18.0
28,3.0,0.0,3.0,19.0
28,2.0,0.0,3.0,20.0
30,4.0,0.0,5.0,1.0
30,1.0,0.0,1.0,2.0
30,1.0,0.0,1.0,3.0
30,1.0,0.0,1.0,4.0
30,1.0,0.0,1.0,5.0
30,2.0,0.0,2.0,6.0
30,1.0,0.0,1.0,7.0
30,2.0,0.0,2.0,8.0
30,2.0,0.0,2.0,9.0
30,4.0,1.0,4.0,10.0
30,2.0,1.0,1.0,11.0
30,6.0,3.0,5.0,12.0
30,5.0,3.0,2.0,13.0
30,5.0,3.0,2.0,14.0
30,4.0,3.0,1.0,15.0
30,4.0,4.0,2.0,16.0
30,6.0,4.0,2.0,17.0
30,5.0,4.0,3.0,18.0
30,7.0,4.0,4.0,19.0
30,5.0,5.0,1.0,20.0
32,1.0,0.0,1.0,1.0
32,1.0,0.0,1.0,2.0
32,1.0,0.0,1.0,3.0
32,2.0,0.0,3.0,4.0
32,5.0,0.0,7.0,5.0
32,3.0,0.0,3.0,6.0
32,2.0,0.0,2.0,7.0
32,1.0,0.0,1.0,8.0
32,0.0,0.0,0.0,9.0
32,2.0,0.0,2.0,10.0
32,1.0,0.0,1.0,11.0
32,2.0,0.0,3.0,12.0
32,1.0,1.0,1.0,13.0
32,2.0,1.0,1.0,14.0
32,1.0,1.0,0.0,15.0
32,3.0,1.0,2.0,16.0
32,4.0,1.0,3.0,17.0
32,2.0,1.0,1.0,18.0
32,2.0,1.0,1.0,19.0
32,4.0,1.0,3.0,20.0
34,2.0,0.0,2.0,1.0
34,3.0,0.0,3.0,2.0
34,1.0,0.0,1.0,3.0
34,2.0,0.0,2.0,4.0
34,0.0,0.0,0.0,5.0
34,2.0,1.0,2.0,6.0
34,2.0,1.0,1.0,7.0
34,2.0,1.0,1.0,8.0
34,2.0,1.0,2.0,9.0
34,2.0,1.0,2.0,10.0
34,3.0,1.0,2.0,11.0
34,2.0,1.0,2.0,12.0
34,5.0,2.0,4.0,13.0
34,3.0,2.0,2.0,14.0
34,2.0,2.0,2.0,15.0
34,5.0,2.0,5.0,16.0
34,3.0,2.0,2.0,17.0
34,3.0,2.0,2.0,18.0
34,2.0,2.0,1.0,19.0
34,3.0,2.0,1.0,20.0
36,1.0,0.0,1.0,1.0
36,2.0,0.0,2.0,2.0
36,1.0,0.0,1.0,3.0
36,2.0,0.0,3.0,4.0
36,0.0,0.0,0.0,5.0
36,2.0,0.0,2.0,6.0
36,2.0,1.0,2.0,7.0
36,1.0,1.0,0.0,8.0
36,2.0,1.0,1.0,9.0
36,3.0,1.0,2.0,10.0
36,3.0,1.0,2.0,11.0
36,3.0,2.0,2.0,12.0
36,2.0,2.0,0.0,13.0
36,4.0,2.0,2.0,14.0
36,5.0,2.0,4.0,15.0
36,4.0,2.0,2.0,16.0
36,6.0,3.0,5.0,17.0
36,5.0,3.0,3.0,18.0
36,5.0,3.0,3.0,19.0
36,4.0,3.0,1.0,20.0
38,3.0,0.0,3.0,1.0
38,2.0,0.0,2.0,2.0
38,0.0,0.0,0.0,3.0
38,4.0,1.0,4.0,4.0
38,3.0,1.0,2.0,5.0
38,3.0,1.0,3.0,6.0
38,3.0,1.0,2.0,7.0
38,1.0,1.0,0.0,8.0
38,3.0,1.0,2.0,9.0
38,3.0,1.0,2.0,10.0
38,1.0,1.0,0.0,11.0
38,2.0,1.0,2.0,12.0
38,3.0,1.0,2.0,13.0
38,3.0,1.0,2.0,14.0
38,4.0,1.0,4.0,15.0
38,3.0,1.0,2.0,16.0
38,5.0,1.0,4.0,17.0
38,3.0,1.0,2.0,18.0
38,5.0,1.0,4.0,19.0
38,6.0,2.0,4.0,20.0
40,2.0,0.0,2.0,1.0
40,3.0,0.0,3.0,2.0
40,5.0,0.0,5.0,3.0
40,3.0,0.0,3.0,4.0
40,2.0,0.0,2.0,5.0
40,3.0,0.0,3.0,6.0
40,0.0,0.0,0.0,7.0
40,5.0,0.0,5.0,8.0
40,2.0,0.0,2.0,9.0
40,2.0,0.0,2.0,10.0
40,2.0,0.0,2.0,11.0
40,4.0,0.0,5.0,12.0
40,1.0,0.0,1.0,13.0
40,2.0,0.0,2.0,14.0
40,1.0,0.0,1.0,15.0
40,1.0,0.0,2.0,16.0
40,0.0,0.0,0.0,17.0
40,2.0,0.0,2.0,18.0
40,4.0,0.0,4.0,19.0
40,1.0,0.0,1.0,20.0
42,2.0,0.0,3.0,1.0
42,4.0,1.0,3.0,2.0
42,3.0,1.0,2.0,3.0
42,2.0,1.0,2.0,4.0
42,3.0,1.0,2.0,5.0
42,4.0,1.0,4.0,6.0
42,3.0,1.0,2.0,7.0
42,2.0,1.0,1.0,8.0
42,4.0,2.0,3.0,9.0
42,5.0,2.0,5.0,10.0
42,3.0,3.0,0.0,11.0
42,4.0,3.0,3.0,12.0
42,4.0,3.0,2.0,13.0
42,7.0,3.0,4.0,14.0
42,7.0,4.0,4.0,15.0
42,4.0,4.0,2.0,16.0
42,5.0,4.0,1.0,17.0
42,7.0,4.0,7.0,18.0
42,5.0,4.0,1.0,19.0
42,6.0,4.0,5.0,20.0
44,1.0,0.0,1.0,1.0
44,0.0,0.0,0.0,2.0
44,2.0,0.0,2.0,3.0
44,0.0,0.0,0.0,4.0
44,3.0,0.0,3.0,5.0
44,3.0,0.0,3.0,6.0
44,0.0,0.0,0.0,7.0
44,1.0,0.0,1.0,8.0
44,1.0,0.0,1.0,9.0
44,3.0,0.0,3.0,10.0
44,4.0,0.0,4.0,11.0
44,1.0,0.0,1.0,12.0
44,0.0,0.0,0.0,13.0
44,1.0,0.0,1.0,14.0
44,2.0,0.0,2.0,15.0
44,4.0,1.0,4.0,16.0
44,1.0,1.0,0.0,17.0
44,3.0,2.0,2.0,18.0
44,4.0,2.0,2.0,19.0
44,5.0,3.0,3.0,20.0
46,2.0,0.0,2.0,1.0
46,1.0,0.0,1.0,2.0
46,0.0,0.0,0.0,3.0
46,1.0,0.0,1.0,4.0
46,1.0,0.0,1.0,5.0
46,3.0,1.0,3.0,6.0
46,4.0,1.0,3.0,7.0
46,2.0,1.0,2.0,8.0
46,5.0,1.0,4.0,9.0
46,2.0,1.0,1.0,10.0
46,6.0,1.0,6.0,11.0
46,1.0,1.0,1.0,12.0
46,3.0,1.0,2.0,13.0
46,2.0,1.0,1.0,14.0
46,3.0,1.0,2.0,15.0
46,1.0,1.0,0.0,16.0
46,2.0,1.0,2.0,17.0
46,3.0,1.0,2.0,18.0
46,4.0,1.0,3.0,19.0
46,3.0,1.0,2.0,20.0
48,3.0,1.0,3.0,1.0
48,2.0,2.0,0.0,2.0
48,4.0,2.0,2.0,3.0
48,3.0,2.0,1.0,4.0
48,7.0,2.0,6.0,5.0
48,2.0,2.0,0.0,6.0
48,3.0,2.0,2.0,7.0
48,3.0,3.0,2.0,8.0
48,4.0,3.0,3.0,9.0
48,5.0,3.0,3.0,10.0
48,8.0,3.0,5.0,11.0
48,6.0,3.0,4.0,12.0
48,5.0,4.0,1.0,13.0
48,7.0,4.0,5.0,14.0
48,5.0,5.0,3.0,15.0
48,5.0,5.0,0.0,16.0
48,7.0,5.0,3.0,17.0
48,6.0,5.0,1.0,18.0
48,6.0,6.0,2.0,19.0
48,7.0,6.0,1.0,20.0
50,2.0,0.0,2.0,1.0
50,1.0,0.0,1.0,2.0
50,0.0,0.0,0.0,3.0
50,2.0,0.0,2.0,4.0
50,1.0,0.0,1.0,5.0
50,4.0,0.0,5.0,6.0
50,3.0,0.0,3.0,7.0
50,3.0,0.0,3.0,8.0
50,4.0,0.0,4.0,9.0
50,3.0,0.0,3.0,10.0
50,3.0,0.0,3.0,11.0
50,2.0,0.0,2.0,12.0
50,2.0,0.0,2.0,13.0
50,2.0,0.0,2.0,14.0
50,2.0,0.0,2.0,15.0
50,1.0,0.0,1.0,16.0
50,2.0,0.0,2.0,17.0
50,3.0,1.0,3.0,18.0
50,4.0,1.0,3.0,19.0
50,3.0,1.0,4.0,20.0
52,3.0,0.0,3.0,1.0
52,3.0,0.0,3.0,2.0
52,2.0,0.0,2.0,3.0
52,5.0,0.0,6.0,4.0
52,3.0,0.0,5.0,5.0
52,1.0,0.0,1.0,6.0
52,1.0,0.0,1.0,7.0
52,1.0,0.0,1.0,8.0
52,2.0,0.0,2.0,9.0
52,2.0,0.0,2.0,10.0
52,1.0,0.0,1.0,11.0
52,2.0,0.0,2.0,12.0
52,2.0,0.0,3.0,13.0
52,2.0,0.0,2.0,14.0
52,1.0,0.0,1.0,15.0
52,1.0,0.0,1.0,16.0
52,4.0,0.0,4.0,17.0
52,5.0,0.0,5.0,18.0
52,3.0,0.0,3.0,19.0
52,1.0,0.0,1.0,20.0
54,2.0,0.0,2.0,1.0
54,2.0,0.0,2.0,2.0
54,4.0,1.0,3.0,3.0
54,3.0,1.0,2.0,4.0
54,1.0,1.0,0.0,5.0
54,1.0,1.0,0.0,6.0
54,7.0,3.0,6.0,7.0
54,6.0,3.0,3.0,8.0
54,4.0,3.0,1.0,9.0
54,4.0,3.0,1.0,10.0
54,4.0,3.0,1.0,11.0
54,6.0,4.0,2.0,12.0
54,7.0,4.0,4.0,13.0
54,4.0,4.0,0.0,14.0
54,6.0,5.0,3.0,15.0
54,6.0,5.0,2.0,16.0
54,6.0,5.0,3.0,17.0
54,5.0,5.0,0.0,18.0
54,6.0,5.0,3.0,19.0
54,5.0,5.0,0.0,20.0
56,2.0,0.0,2.0,1.0
56,1.0,0.0,1.0,2.0
56,1.0,0.0,1.0,3.0
56,1.0,0.0,1.0,4.0
56,2.0,0.0,2.0,5.0
56,0.0,0.0,0.0,6.0
56,2.0,0.0,2.0,7.0
56,1.0,0.0,1.0,8.0
56,1.0,0.0,1.0,9.0
56,4.0,0.0,5.0,10.0
56,2.0,0.0,2.0,11.0
56,1.0,0.0,1.0,12.0
56,2.0,0.0,2.0,13.0
56,0.0,0.0,0.0,14.0
56,0.0,0.0,0.0,15.0
56,3.0,0.0,3.0,16.0
56,0.0,0.0,0.0,17.0
56,3.0,1.0,3.0,18.0
56,2.0,2.0,0.0,19.0
56,2.0,2.0,0.0,20.0
58,4.0,0.0,4.0,1.0
58,2.0,0.0,2.0,2.0
58,2.0,0.0,2.0,3.0
58,1.0,0.0,2.0,4.0
58,1.0,0.0,1.0,5.0
58,1.0,0.0,1.0,6.0
58,4.0,0.0,4.0,7.0
58,1.0,0.0,1.0,8.0
58,4.0,0.0,4.0,9.0
58,2.0,0.0,2.0,10.0
58,2.0,0.0,3.0,11.0
58,1.0,0.0,1.0,12.0
58,3.0,0.0,3.0,13.0
58,3.0,0.0,3.0,14.0
58,1.0,0.0,1.0,15.0
58,3.0,0.0,3.0,16.0
58,3.0,1.0,3.0,17.0
58,1.0,1.0,0.0,18.0
58,3.0,1.0,2.0,19.0
58,4.0,1.0,3.0,20.0
60,1.0,0.0,1.0,1.0
60,2.0,0.0,3.0,2.0
60,2.0,0.0,2.0,3.0
60,1.0,0.0,1.0,4.0
60,4.0,1.0,5.0,5.0
60,6.0,1.0,6.0,6.0
60,2.0,1.0,1.0,7.0
60,4.0,2.0,4.0,8.0
60,2.0,2.0,1.0,9.0
60,3.0,2.0,2.0,10.0
60,3.0,2.0,2.0,11.0
60,4.0,2.0,2.0,12.0
60,3.0,2.0,1.0,13.0
60,6.0,2.0,4.0,14.0
60,5.0,2.0,3.0,15.0
60,3.0,2.0,1.0,16.0
60,2.0,2.0,0.0,17.0
60,3.0,2.0,2.0,18.0
60,3.0,2.0,1.0,19.0
60,2.0,2.0,0.0,20.0
62,2.0,0.0,3.0,1.0
62,1.0,0.0,1.0,2.0
62,1.0,0.0,1.0,3.0
62,3.0,0.0,3.0,4.0
62,2.0,0.0,2.0,5.0
62,0.0,0.0,0.0,6.0
62,0.0,0.0,0.0,7.0
62,4.0,0.0,4.0,8.0
62,1.0,0.0,1.0,9.0
62,2.0,0.0,2.0,10.0
62,4.0,1.0,4.0,11.0
62,4.0,1.0,3.0,12.0
62,3.0,1.0,2.0,13.0
62,3.0,1.0,2.0,14.0
62,4.0,1.0,5.0,15.0
62,3.0,1.0,2.0,16.0
62,1.0,1.0,0.0,17.0
62,1.0,1.0,0.0,18.0
62,5.0,1.0,4.0,19.0
62,3.0,1.0,2.0,20.0
64,2.0,0.0,2.0,1.0
64,6.0,0.0,6.0,2.0
64,4.0,0.0,4.0,3.0
64,2.0,0.0,2.0,4.0
64,4.0,0.0,5.0,5.0
64,2.0,0.0,2.0,6.0
64,1.0,0.0,1.0,7.0
64,0.0,0.0,0.0,8.0
64,2.0,0.0,2.0,9.0
64,1.0,0.0,1.0,10.0
64,0.0,0.0,0.0,11.0
64,1.0,0.0,1.0,12.0
64,1.0,0.0,1.0,13.0
64,1.0,0.0,1.0,14.0
64,2.0,0.0,3.0,15.0
64,2.0,0.0,2.0,16.0
64,3.0,0.0,3.0,17.0
64,2.0,0.0,2.0,18.0
64,0.0,0.0,0.0,19.0
64,0.0,0.0,0.0,20.0
66,1.0,0.0,1.0,1.0
66,0.0,0.0,0.0,2.0
66,1.0,0.0,1.0,3.0
66,2.0,1.0,2.0,4.0
66,3.0,1.0,3.0,5.0
66,4.0,1.0,3.0,6.0
66,3.0,1.0,2.0,7.0
66,5.0,1.0,4.0,8.0
66,5.0,2.0,4.0,9.0
66,6.0,3.0,4.0,10.0
66,6.0,4.0,3.0,11.0
66,7.0,4.0,4.0,12.0
66,5.0,4.0,2.0,13.0
66,4.0,4.0,0.0,14.0
66,4.0,4.0,0.0,15.0
66,6.0,5.0,2.0,16.0
66,7.0,5.0,3.0,17.0
66,7.0,6.0,4.0,18.0
66,7.0,6.0,2.0,19.0
66,7.0,7.0,0.0,20.0
68,2.0,0.0,2.0,1.0
68,2.0,0.0,2.0,2.0
68,2.0,1.0,2.0,3.0
68,2.0,1.0,1.0,4.0
68,5.0,2.0,4.0,5.0
68,4.0,2.0,3.0,6.0
68,4.0,2.0,2.0,7.0
68,4.0,3.0,1.0,8.0
68,4.0,3.0,1.0,9.0
68,4.0,3.0,2.0,10.0
68,5.0,3.0,4.0,11.0
68,5.0,3.0,2.0,12.0
68,5.0,3.0,3.0,13.0
68,6.0,3.0,4.0,14.0
68,6.0,3.0,3.0,15.0
68,6.0,3.0,3.0,16.0
68,4.0,4.0,0.0,17.0
68,4.0,4.0,0.0,18.0
68,6.0,4.0,2.0,19.0
68,7.0,4.0,4.0,20.0
70,3.0,0.0,3.0,1.0
70,1.0,0.0,1.0,2.0
70,2.0,0.0,2.0,3.0
70,2.0,0.0,4.0,4.0
70,1.0,0.0,1.0,5.0
70,2.0,0.0,2.0,6.0
70,3.0,0.0,3.0,7.0
70,1.0,0.0,1.0,8.0
70,2.0,0.0,3.0,9.0
70,4.0,0.0,4.0,10.0
70,1.0,0.0,1.0,11.0
70,1.0,0.0,1.0,12.0
70,2.0,0.0,2.0,13.0
70,3.0,0.0,4.0,14.0
70,1.0,1.0,1.0,15.0
70,3.0,1.0,2.0,16.0
70,4.0,1.0,3.0,17.0
70,4.0,1.0,3.0,18.0
70,3.0,1.0,2.0,19.0
70,5.0,1.0,5.0,20.0
72,2.0,1.0,3.0,1.0
72,4.0,1.0,3.0,2.0
72,3.0,1.0,2.0,3.0
72,2.0,1.0,1.0,4.0
72,4.0,2.0,3.0,5.0
72,3.0,3.0,2.0,6.0
72,6.0,4.0,3.0,7.0
72,5.0,4.0,1.0,8.0
72,4.0,4.0,0.0,9.0
72,4.0,4.0,0.0,10.0
72,5.0,4.0,1.0,11.0
72,5.0,4.0,1.0,12.0
72,6.0,4.0,3.0,13.0
72,6.0,4.0,3.0,14.0
72,6.0,4.0,2.0,15.0
72,7.0,4.0,3.0,16.0
72,5.0,4.0,1.0,17.0
72,4.0,4.0,1.0,18.0
72,5.0,4.0,2.0,19.0
72,6.0,4.0,3.0,20.0
74,3.0,0.0,3.0,1.0
74,2.0,0.0,2.0,2.0
74,3.0,1.0,2.0,3.0
74,4.0,1.0,3.0,4.0
74,3.0,1.0,2.0,5.0
74,2.0,1.0,1.0,6.0
74,3.0,1.0,3.0,7.0
74,2.0,1.0,2.0,8.0
74,4.0,1.0,4.0,9.0
74,4.0,2.0,2.0,10.0
74,3.0,2.0,3.0,11.0
74,4.0,2.0,2.0,12.0
74,3.0,2.0,2.0,13.0
74,2.0,2.0,1.0,14.0
74,5.0,2.0,3.0,15.0
74,3.0,2.0,1.0,16.0
74,4.0,2.0,3.0,17.0
74,7.0,2.0,5.0,18.0
74,4.0,2.0,2.0,19.0
74,4.0,2.0,2.0,20.0
76,2.0,0.0,2.0,1.0
76,2.0,0.0,2.0,2.0
76,4.0,0.0,4.0,3.0
76,1.0,0.0,1.0,4.0
76,1.0,0.0,2.0,5.0
76,1.0,0.0,3.0,6.0
76,3.0,0.0,3.0,7.0
76,0.0,0.0,0.0,8.0
76,2.0,0.0,2.0,9.0
76,4.0,0.0,4.0,10.0
76,3.0,0.0,4.0,11.0
76,1.0,0.0,2.0,12.0
76,0.0,0.0,0.0,13.0
76,3.0,0.0,4.0,14.0
76,3.0,1.0,3.0,15.0
76,3.0,2.0,2.0,16.0
76,4.0,2.0,3.0,17.0
76,4.0,2.0,4.0,18.0
76,4.0,2.0,3.0,19.0
76,3.0,2.0,2.0,20.0
78,0.0,0.0,0.0,1.0
78,2.0,0.0,2.0,2.0
78,3.0,1.0,2.0,3.0
78,3.0,2.0,1.0,4.0
78,5.0,2.0,3.0,5.0
78,5.0,3.0,3.0,6.0
78,6.0,4.0,3.0,7.0
78,4.0,4.0,1.0,8.0
78,5.0,4.0,1.0,9.0
78,4.0,4.0,2.0,10.0
78,5.0,4.0,1.0,11.0
78,6.0,5.0,5.0,12.0
78,9.0,5.0,6.0,13.0
78,6.0,5.0,1.0,14.0
78,6.0,5.0,1.0,15.0
78,5.0,5.0,1.0,16.0
78,6.0,5.0,2.0,17.0
78,7.0,5.0,2.0,18.0
78,6.0,5.0,1.0,19.0
78,6.0,5.0,1.0,20.0
80,2.0,0.0,2.0,1.0
80,1.0,0.0,1.0,2.0
80,2.0,0.0,3.0,3.0
80,3.0,0.0,3.0,4.0
80,1.0,0.0,1.0,5.0
80,3.0,0.0,4.0,6.0
80,2.0,0.0,2.0,7.0
80,2.0,0.0,4.0,8.0
80,2.0,0.0,2.0,9.0
80,2.0,0.0,2.0,10.0
80,1.0,0.0,1.0,11.0
80,0.0,0.0,0.0,12.0
80,3.0,0.0,3.0,13.0
80,1.0,0.0,1.0,14.0
80,2.0,0.0,3.0,15.0
80,2.0,0.0,2.0,16.0
80,3.0,0.0,4.0,17.0
80,0.0,0.0,0.0,18.0
80,2.0,0.0,2.0,19.0
80,1.0,1.0,1.0,20.0
82,1.0,0.0,1.0,1.0
82,4.0,0.0,4.0,2.0
82,1.0,0.0,1.0,3.0
82,2.0,0.0,2.0,4.0
82,1.0,0.0,2.0,5.0
82,0.0,0.0,0.0,6.0
82,2.0,0.0,2.0,7.0
82,2.0,0.0,2.0,8.0
82,2.0,0.0,2.0,9.0
82,1.0,0.0,1.0,10.0
82,1.0,0.0,1.0,11.0
82,3.0,0.0,4.0,12.0
82,4.0,0.0,4.0,13.0
82,2.0,1.0,2.0,14.0
82,4.0,1.0,3.0,15.0
82,4.0,1.0,4.0,16.0
82,4.0,1.0,3.0,17.0
82,1.0,1.0,0.0,18.0
82,3.0,1.0,3.0,19.0
82,3.0,1.0,2.0,20.0
84,2.0,0.0,2.0,1.0
84,2.0,0.0,2.0,2.0
84,1.0,0.0,1.0,3.0
84,2.0,0.0,2.0,4.0
84,3.0,1.0,3.0,5.0
84,4.0,3.0,3.0,6.0
84,3.0,3.0,1.0,7.0
84,5.0,3.0,2.0,8.0
84,5.0,3.0,3.0,9.0
84,5.0,3.0,2.0,10.0
84,4.0,3.0,2.0,11.0
84,7.0,3.0,4.0,12.0
84,4.0,3.0,3.0,13.0
84,4.0,3.0,1.0,14.0
84,6.0,3.0,3.0,15.0
84,6.0,4.0,3.0,16.0
84,5.0,4.0,2.0,17.0
84,9.0,4.0,6.0,18.0
84,9.0,5.0,5.0,19.0
84,6.0,5.0,3.0,20.0
86,5.0,0.0,5.0,1.0
86,1.0,0.0,1.0,2.0
86,2.0,0.0,2.0,3.0
86,3.0,0.0,3.0,4.0
86,1.0,0.0,1.0,5.0
86,3.0,1.0,2.0,6.0
86,2.0,2.0,0.0,7.0
86,3.0,2.0,2.0,8.0
86,3.0,2.0,1.0,9.0
86,3.0,2.0,1.0,10.0
86,4.0,2.0,3.0,11.0
86,5.0,2.0,6.0,12.0
86,3.0,2.0,1.0,13.0
86,3.0,3.0,0.0,14.0
86,3.0,3.0,0.0,15.0
86,5.0,3.0,3.0,16.0
86,5.0,3.0,2.0,17.0
86,4.0,3.0,2.0,18.0
86,4.0,3.0,2.0,19.0
86,4.0,3.0,1.0,20.0
88,2.0,0.0,2.0,1.0
88,2.0,0.0,2.0,2.0
88,3.0,0.0,3.0,3.0
88,2.0,0.0,2.0,4.0
88,4.0,0.0,4.0,5.0
88,1.0,0.0,1.0,6.0
88,2.0,0.0,4.0,7.0
88,2.0,0.0,2.0,8.0
88,1.0,1.0,1.0,9.0
88,3.0,1.0,2.0,10.0
88,4.0,1.0,3.0,11.0
88,5.0,1.0,4.0,12.0
88,4.0,1.0,3.0,13.0
88,2.0,1.0,1.0,14.0
88,3.0,1.0,3.0,15.0
88,4.0,1.0,4.0,16.0
88,5.0,1.0,5.0,17.0
88,3.0,1.0,2.0,18.0
88,3.0,1.0,2.0,19.0
88,2.0,1.0,1.0,20.0
90,6.0,1.0,6.0,1.0
90,2.0,1.0,1.0,2.0
90,6.0,2.0,4.0,3.0
90,4.0,2.0,2.0,4.0
90,5.0,2.0,3.0,5.0
90,4.0,2.0,2.0,6.0
90,2.0,2.0,0.0,7.0
90,2.0,2.0,1.0,8.0
90,3.0,2.0,1.0,9.0
90,5.0,2.0,3.0,10.0
90,5.0,3.0,3.0,11.0
90,3.0,3.0,1.0,12.0
90,4.0,3.0,1.0,13.0
90,4.0,3.0,2.0,14.0
90,6.0,4.0,3.0,15.0
90,4.0,4.0,1.0,16.0
90,4.0,4.0,1.0,17.0
90,6.0,4.0,2.0,18.0
90,6.0,4.0,5.0,19.0
90,5.0,5.0,0.0,20.0
